-1  97
-1  104
-1  -1
-1  -1
-1  -1
-1  -1
-1  -1
-1  -1
-1  -1
-1  -1
-1  -1
-1  -1
-1  92
-1  -1
-1  101
-1  103
-1  -1
-1  -1
-1  -1
-1  -1
-1  -1
-1  -1
-1  -1
-1  -1
-1  -1
-1  101
-1  -1
-1  99
-1  -1
-1  -1
-1  93
-1  114
-1  82
-1  114
-1  -1
-1  -1
-1  106
-1  -1
-1  -1
-1  -1
-1  -1
-1  115
-1  -1
-1  108
-1  101
-1  -1
-1  -1
-1  -1
-1  -1
-1  108
-1  -1
-1  -1
-1  -1
-1  247
-1  -1
-1  -1
-1  -1
-1  -1
-1  118
-1  -1
-1  -1
-1  99
-1  -1
-1  -1
-1  -1
-1  -1
-1  101
-1  115
-1  -1
-1  -1
-1  -1
-1  -1
-1  -1
-1  -1
-1  -1
-1  -1
-1  -1
-1  -1
-1  -1
-1  -1
-1  123
-1  122
-1  -1
-1  -1
-1  103
-1  -1
-1  -1
-1  -1
-1  -1
-1  -1
-1  -1
-1  95
-1  -1
-1  102
-1  -1
-1  -1
-1  -1
-1  -1
-1  -1
-1  -1
-1  128
-1  108
-1  108
-1  -1
-1  115
-1  -1
-1  110
-1  -1
-1  93
-1  -1
-1  -1
-1  108
-1  98
-1  100
-1  110
-1  -1
-1  102
-1  132
-1  -1
-1  -1
-1  -1
-1  139
-1  -1
-1  -1
-1  104
-1  -1
-1  -1
-1  -1
-1  -1
-1  -1
-1  98
-1  -1
-1  -1
-1  -1
-1  -1
-1  -1
-1  -1
-1  110
-1  112
-1  -1
-1  -1
-1  115
-1  -1
-1  -1
-1  108
-1  -1
-1  -1
-1  -1
-1  -1
-1  -1
-1  -1
-1  -1
-1  -1
-1  110
-1  110
-1  -1
-1  -1
-1  59
-1  -1
-1  103
-1  -1
-1  -1
-1  101
-1  -1
-1  -1
-1  107
-1  -1
-1  -1
-1  -1
-1  108
-1  99
-1  91
-1  -1
-1  -1
-1  -1
-1  -1
-1  -1
-1  -1
-1  -1
-1  -1
-1  -1
-1  -1
-1  102
-1  107
-1  114
-1  104
-1  -1
-1  118
-1  -1
-1  -1
-1  80
-1  -1
-1  -1
-1  -1
-1  -1
-1  -1
-1  -1
-1  -1
-1  -1
-1  -1
-1  -1
-1  95
-1  -1
-1  -1
-1  -1
-1  -1
-1  113
-1  -1
-1  -1
-1  -1
-1  96
-1  -1
-1  112
-1  -1
-1  -1
-1  -1
-1  -1
-1  -1
-1  -1
-1  -1
-1  100
-1  -1
-1  -1
-1  102
-1  -1
-1  -1
-1  -1
-1  102
-1  -1
-1  97
-1  -1
-1  -1
-1  -1
-1  -1
-1  -1
-1  -1
-1  -1
-1  -1
-1  -1
-1  -1
-1  -1
-1  128
-1  -1
-1  109
-1  -1
-1  106
-1  118
-1  -1
-1  118
-1  -1
-1  -1
-1  -1
-1  88
-1  -1
-1  -1
-1  -1
-1  86
-1  105
-1  -1
-1  -1
-1  114
-1  -1
-1  -1
-1  -1
-1  163
-1  -1
-1  -1
-1  -1
-1  113
-1  -1
-1  -1
-1  -1
-1  -1
-1  -1
-1  111
-1  100
-1  109
-1  -1
-1  -1
-1  108
-1  -1
-1  118
-1  107
-1  116
-1  -1
-1  -1
-1  104
-1  -1
-1  -1
-1  -1
-1  -1
-1  106
-1  111
-1  -1
-1  115
-1  82
-1  -1
-1  -1
-1  -1
-1  -1
-1  -1
-1  114
-1  -1
-1  112
-1  -1
-1  -1
-1  -1
-1  95
-1  -1
-1  -1
-1  -1
-1  -1
-1  108
-1  -1
-1  114
-1  -1
-1  -1
-1  -1
-1  -1
-1  99
-1  -1
-1  99
-1  -1
-1  -1
-1  -1
-1  -1
-1  -1
-1  4106
-1  104
-1  -1
-1  -1
-1  -1
-1  108
-1  -1
-1  104
-1  -1
-1  117
-1  107
-1  99
-1  -1
-1  -1
-1  -1
-1  115
-1  -1
-1  103
-1  102
-1  107
-1  -1
-1  103
-1  105
-1  120
-1  -1
#measurement time: 60 sec
