0.1745 1 0
0.3235 229 142
0.4725 406 152
0.6215 927 139
0.7705 511 107
0.9195 295 78
1.0685 239 66
1.2175 248 72
1.3665 213 70
1.5155 200 53
1.6645 186 56
1.8135 160 56
1.9625 178 70
2.1115 152 39
2.2605 132 56
2.4095 186 40
2.5585 126 48
2.7075 136 34
2.8565 117 30
3.0055 106 35
3.1545 122 35
3.3035 94 34
3.4525 94 32
3.6015 86 34
3.7505 81 29
3.8995 74 29
4.0485 83 20
4.1975 60 23
4.3465 76 25
4.4955 65 30
4.6445 56 16
4.7935 61 22
4.9425 55 22
5.0915 80 17
5.2405 51 14
5.3895 66 24
5.5385 41 17
5.6875 53 25
5.8365 35 22
5.9855 57 14
6.1345 43 15
6.2835 42 17
6.4325 39 18
6.5815 47 16
6.7305 50 18
6.8795 41 19
7.0285 37 12
7.1775 38 13
7.3265 37 12
7.4755 49 17
7.6245 45 12
7.7735 36 15
7.9225 44 10
8.0715 44 10
8.2205 28 17
8.3695 32 16
8.5185 32 15
8.6675 35 7
8.8165 40 9
8.9655 25 11
9.1145 38 13
9.2635 34 10
9.4125 35 10
9.5615 24 13
9.7105 34 18
9.8595 35 13
10.0085 29 15
10.1575 39 9
10.3065 31 8
10.4555 28 11
10.6045 28 12
10.7535 43 9
10.9025 0 0
11.0515 0 0
11.2005 0 0
11.3495 0 0
11.4985 0 0
11.6475 0 0
11.7965 0 0
11.9455 0 0
12.0945 0 0
12.2435 0 0
12.3925 0 0
12.5415 0 0
12.6905 0 0
12.8395 0 0
12.9885 0 0
13.1375 0 0
13.2865 0 0
13.4355 0 0
13.5845 0 0
13.7335 0 0
13.8825 0 0
14.0315 0 0
14.1805 0 0
14.3295 0 0
14.4785 0 0
14.6275 0 0
14.7765 0 0
14.9255 0 0
