0.1495 4 0
0.2485 0 115
0.3475 449 298
0.4465 463 215
0.5455 591 236
0.6445 871 199
0.7435 567 164
0.8425 361 137
0.9415 359 128
1.0405 312 133
1.1395 317 118
1.2385 295 119
1.3375 254 111
1.4365 225 95
1.5355 259 101
1.6345 238 86
1.7335 248 108
1.8325 222 83
1.9315 204 107
2.0305 198 82
2.1295 178 88
2.2285 172 85
2.3275 208 60
2.4265 157 75
2.5255 166 84
2.6245 158 57
2.7235 156 68
2.8225 138 72
2.9215 126 65
3.0205 140 57
3.1195 134 61
3.2185 125 63
3.3175 137 58
3.4165 125 54
3.5155 120 61
3.6145 119 39
3.7135 101 61
3.8125 103 42
3.9115 105 45
4.0105 91 54
4.1095 86 50
4.2085 96 35
4.3075 88 40
4.4065 68 39
4.5055 74 37
4.6045 62 38
4.7035 76 44
4.8025 89 37
4.9015 66 34
5.0005 73 31
5.0995 67 27
5.1985 64 26
5.2975 74 28
5.3965 65 24
5.4955 76 32
5.5945 67 35
5.6935 65 18
5.7925 61 37
5.8915 52 18
5.9905 62 28
6.0895 63 23
6.1885 50 29
6.2875 47 22
6.3865 57 21
6.4855 51 19
6.5845 44 26
6.6835 42 29
6.7825 45 24
6.8815 37 19
6.9805 47 24
7.0795 55 19
7.1785 50 24
7.2775 48 18
7.3765 38 18
7.4755 38 20
7.5745 46 23
7.6735 47 21
7.7725 40 21
7.8715 30 18
7.9705 31 13
8.0695 34 18
8.1685 45 23
8.2675 32 18
8.3665 29 16
8.4655 41 14
8.5645 31 16
8.6635 25 16
8.7625 39 21
8.8615 35 17
8.9605 31 21
9.0595 17 16
9.1585 31 17
9.2575 31 20
9.3565 41 14
9.4555 37 15
9.5545 26 16
9.6535 26 16
9.7525 27 14
9.8515 27 14
9.9505 27 9
